0123456789abcdeffedcba9876543210

1f1f1f1f0e0e0e0e1f1f1f1f0e0e0e0e

[[31, 14, 31, 14], [31, 14, 31, 14], [31, 14, 31, 14], [31, 14, 31, 14]]
[[181, 187, 164, 170], [180, 186, 165, 171], [180, 186, 165, 171], [180, 186, 165, 171]]
[[213, 110, 202, 96], [214, 108, 201, 98], [214, 108, 201, 98], [24, 162, 7, 172]]
[[123, 21, 223, 191], [124, 16, 217, 187], [71, 43, 226, 128], [200, 106, 109, 193]]
[[153, 140, 83, 236], [177, 161, 120, 195], [63, 20, 246, 118], [192, 170, 199, 6]]
[[167, 43, 120, 148], [137, 40, 80, 147], [80, 68, 178, 196], [14, 164, 99, 101]]
[[91, 112, 8, 156], [149, 189, 237, 126], [29, 89, 235, 47], [44, 136, 235, 142]]
[[232, 152, 144, 12], [128, 61, 208, 174], [4, 93, 182, 153], [242, 122, 145, 31]]
[[140, 20, 132, 136], [110, 83, 131, 45], [196, 153, 47, 182], [12, 118, 231, 248]]
[[79, 91, 223, 87], [32, 115, 240, 221], [133, 28, 51, 133], [200, 190, 89, 161]]
[[184, 227, 60, 107], [183, 196, 52, 233], [183, 171, 152, 29], [147, 45, 116, 213]]



[[ 31,  31,  31,  31], [ 14,  14,  14,  14], [ 31,  31,  31,  31], [ 14,  14,  14,  14]]
[[181, 180, 180, 180], [187, 186, 186, 186], [164, 165, 165, 165], [170, 171, 171, 171]]
[[213, 214, 214,  24], [110, 108, 108, 162], [202, 201, 201,   7], [ 96,  98,  98, 172]]
[[123, 124,  71, 200], [ 21,  16,  43, 106], [223, 217, 226, 109], [191, 187, 128, 193]]
[[153, 177,  63, 192], [140, 161,  20, 170], [ 83, 120, 246, 199], [236, 195, 118,   6]]
[[167, 137,  80,  14], [ 43,  40,  68, 164], [120,  80, 178,  99], [148, 147, 196, 101]]
[[ 91, 149,  29,  44], [112, 189,  89, 136], [  8, 237, 235, 235], [156, 126,  47, 142]]
[[232, 128,   4, 242], [152,  61,  93, 122], [144, 208, 182, 145], [ 12, 174, 153,  31]]
[[140, 110, 196,  12], [ 20,  83, 153, 118], [132, 131,  47, 231], [136,  45, 182, 248]]
[[ 79,  32, 133, 200], [ 91, 115,  28, 190], [223, 240,  51,  89], [ 87, 221, 133, 161]]
[[184, 183, 183, 147], [227, 196, 171,  45], [ 60,  52, 152, 116], [107, 233,  29, 213]]

y
p[0]  1  35  69 103 137 171 205 239 254 220 186 152 118  84  50  16
key  31  31  31  31  14  14  14  14  31  31  31  31  14  14  14  14

yzx
p[0] = [[  1, 137, 254, 118], [35, 171, 220, 84], [69, 205, 186, 50], [103, 239, 152, 16]]
---
k[0] = [[ 31,  14,  31,  14], [31,  14,  31, 14], [31,  14,  31, 14], [ 31,  14,  31, 14]]


第0轮 轮密钥+
 30  60  90 120 135 165 195 225 225 195 165 135 120  90  60  30

[[30, 135, 225, 120], [60, 165, 195, 90], [90, 195, 165, 60], [120, 225, 135, 30]]


加密结果
8e84f4a847ebd006a466a3f0179181f0
